2004000C
0C000008
00000000
00000000
00000000
00000000
00408020
08000037
00000000
00000000
00000000
00000000
23BDFFF8
00000000
00000000
00000000
00000000
00000000
AFA40004
AFBF0000
20080002
00000000
00000000
00000000
00000000
0088402A
10080006
00000000
00000000
00000000
20020001
23BD0008
03E00008
2084FFFF
0C000008
00000000
00000000
00000000
00000000
00000000
8FBF0000
8FA40004
23BD0008
00000000
00000000
00000000
00000000
00820018
00000000
00000000
00000000
00000000
00000000
00001012
03E00008
00000000
00000000